20
12 15 5
3 4 2
10 5 2
2 12 4
16 0 4
5 13 4
6 7 3
9 11 8
19 14 7
16 13 4
8 7 8
15 18 4
17 18 4
3 13 8
19 11 7
2 7 7
3 2 7
3 10 4
12 7 4
7 0 3
13 17 3
2 0 5
1 16 8
13 15 9
15 16 2
1 18 3
7 15 6
9 12 2
7 3 7
8 2 5
1 14 8
10 19 5
4 19 2
18 11 4
7 16 4
0 10 5
5 14 3
0 18 8
16 6 4
0 4 2
15 5 5
6 4 9
15 7 5
19 3 9
11 10 6
16 8 9
9 17 9
12 13 1
16 3 6
9 4 1
18 16 8
10 14 9
11 9 7
6 1 6
18 5 4
13 0 1
8 16 3
12 4 3
5 9 3
14 17 1
5 3 7
14 7 1
7 12 2
16 1 3
6 18 5
17 6 4
8 9 3
16 9 1
9 19 4
4 13 2
19 8 5
2 13 8
9 8 1
5 7 3
7 14 8
9 5 4
8 11 9
13 10 8
19 12 3
9 2 3
0 15 4
18 10 6
10 17 6
11 8 7
1 11 6
2 18 9
4 9 7
2 14 5
15 12 9
19 18 4
17 2 2
17 3 1
6 9 6
9 14 3
16 10 4
4 17 4
9 15 8
14 15 2
13 5 4
4 6 2
10 12 6
0 9 9
0 13 7
13 19 4
10 9 6
17 7 9
12 8 8
4 1 5
10 18 8
10 2 1
1 3 2
4 2 4
10 13 9
0 11 9
5 4 7
18 8 2
19 6 5
6 0 5
13 16 7
3 6 6
3 7 7
8 18 8
7 13 1
2 19 1
14 13 1
18 19 5
3 17 3
19 4 8
12 9 8
8 4 4
19 16 6
15 11 7
1 17 5
17 4 2
6 11 6
18 14 4
8 14 8
14 5 3
19 2 1
14 3 6
8 10 1
12 0 2
11 14 6
16 5 9
7 6 2
17 5 7
15 10 1
7 2 6